218910091273
218910143768
218910163107
218910237017
218910497215
218910530732
218910602280
218910712010
218910725538
218910783318
218910791231
218910864173
218910880563
218910918567
218910982937
218911016976
218911020398
218911044132
218911169252
218911196241
218911310030
218911372104
218911392387
218911467564
218911484558
218911607818
218911645217
218911772846
218911798162
218911854238
218911860638
218911992137
218912041075
218912142625
218912186073
218912253373
218912289804
218912346019
218912346681
218912412934
218912713526
218912874960
218912941254
218912967649
218913106316
218913264661
218913269484
218913311731
218913324612
218913347687
218913581603
218913645909
218913660360
218913664246
218913673194
218913737390
218913807319
218913938333
218913969575
218913974105
218913980080
218914000382
218914004918
218914004998
218914037905
218914037979
218914064500
218914160089
218914217591
218914236147
218914316071
218914335516
218914364050
218914384390
218914449950
218914475254
218914499144
218914503950
218914505131
218914519827
218914526591
218914540086
218914608397
218914619284
218914620028
218914638462
218914660431
218914723245
218914783715
218914863467
218914881316
218914888204
218915000745
218915031383
218915170998
218915190796
218915217814
218915406438
218915490757
218915526680
218915536863
218915642561
218915698872
218915716875
218915773520
218915773558
218915815712
218915894541
218915908689
218915973659
218915986276
218916079212
218916287948
218916416137
218916434617
218916721297
218916745445
218916809273
218916849468
218916882113
218916947547
218917017738
218917037787
218917072983
218917088880
218917115031
218917275430
218917275433
218917285595
218917390888
218917482159
218917491786
218917516762
218917531666
218917568258
218917600408
218917631967
218917666866
218917669189
218917714603
218917806535
218917868768
218917881883
218917888877
218917911235
218917943817
218917956825
218918121027
218918179231
218918288687
218918361371
218918426085
218918507232
218918605440
218918655726
218918743256
218918795084
218918815675
218919028351
218919048422
218919332919
218919339259
218919345880
218919384613
218919433429
218919476083
218919483956
218919519605
218919600505
218919608419
218919614323
218919668173
218919673671
218919674928
218919720988
218919735885
218919750016
218919880710
218919954403
218919965817
218919974820
218921049932
218922025473
218922231989
218922325186
218923028065
218923653073
218923715204
218923718148
218923929859
218923965613
218926131037
218926232383
218926675809
218926744387
218927445211
218927713742
218927729323
218927769325
218927770768
218927959521
218928056425
218928575080
218928672870
218928839391
218929468711
218929526226
218930018644
218930061846
218930090101
218930111043
218930255560
218930372990
218930453795
218930488068
218930500651
218930512120
218930544024
218930660234
218930670782
218930680285
218930728870
218930771190
218930826572
218930867739
218930947170
218930982158
218931050891
218931059614
218931150775
218931151401
218931204161
218931263665
218931281097
218931370608
218931566344
218931571176
218931642609
218931656217
218931722151
218931726706
218931794209
218931876906
218931893609
218934075101
218934098390
218934157527
218934171268
218934259010
218934259586
218934264724
218934271812
218934323377
218934457005
218934534270
218934541925
218934802388
218934830816
218934947005
218934947009
218934949863
218934955473
218935005801
218935006075
218935009506
218935054387
218935116906
218935133428
218935179296
218935182756
218935207292
218935232443
218935243770
218935245957
218935275676
218935303003
218935420198
218935463142
218935502832
218935504135
218935505336
218935616971
218935657719
218935704111
218935775261
218935810473
218935835409
218935854164
218935856773
218935952630
218935960035
218941331947
218941489529
218944755619
218944873371
218944907876
218945342810
218945356480
218945570991
218947692342